%YAML:1.0
---
K: !!opencv-matrix
   rows: 3
   cols: 3
   dt: d
   data: [ 6.2830313511912334e+02, 0., 3.1968052338609203e+02, 0.,
       6.2876789371477366e+02, 2.5386604047374891e+02, 0., 0., 1. ]
D: !!opencv-matrix
   rows: 1
   cols: 5
   dt: d
   data: [ -5.6082754663768407e-02, -2.4194559897179328e-02,
       3.8420776362587208e-03, 1.5360282936756413e-04,
       3.2935662741587468e-01 ]
