label: "esp32_flxbot"
id: 412eab8e4058621f7036b5e765dfe812
cameras:
- camera:
    label: cam0
    id: 54812562fa109c40fe90b29a59dd7798
    line-delay-nanoseconds: 0
    image_height: 1200
    image_width: 1600
    type: pinhole
    intrinsics:
      cols: 1
      rows: 4
      data: [3.211269966473582826e+02, 3.201414387770508370e+02, 8.045296200753125504e+02, 6.076482060125250086e+02]
    distortion:
      type: radial-tangential  
      parameters:
        cols: 1
        rows: 4
        data: [2.633434639033711555e-01, -2.823341366434393707e-01, -4.001481168462096144e-03, 4.006190901870026327e-03]
  T_B_C:
    cols: 4
    rows: 4
    data: [0.0148655429818, -0.999880929698, 0.00414029679422, -0.0216401454975,
           0.999557249008, 0.0149672133247, 0.025715529948, -0.064676986768,
          -0.0257744366974, 0.00375618835797, 0.999660727178, 0.00981073058949,
           0.0, 0.0, 0.0, 1.0]

imu_params:
  delay_imu_cam: 0.0
  max_imu_delta_t: 0.01
  acc_max: 176.0
  omega_max: 17
  sigma_omega_c: 12.0e-4
  sigma_acc_c: 8.0e-3
  sigma_omega_bias_c: 0.03
  sigma_acc_bias_c: 0.1
  sigma_integration: 0.0
  g: 9.8082
  imu_rate: 800

imu_initialization:
  velocity: [0.0, 0, 0.0]
  omega_bias: [0.0, 0, 0.0]
  acc_bias: [0.0, 0.0, 0.0]
  velocity_sigma: 2.0
  omega_bias_sigma: 0.01
  acc_bias_sigma: 0.1

