label: test_camera
cameras:
- camera:
    label: cam0
    id: 54812562fa109c40fe90b29a59dd7798
    line-delay-nanoseconds: 0
    image_height: 480
    image_width: 640
    type: pinhole
    intrinsics:
      cols: 1
      rows: 4
      data: [210.32324399864964, 211.03010206368626, 334.2296384845332, 238.7977171574483]
    distortion:
      type: radial-tangential
      parameters:
        cols: 1
        rows: 4
        data: [0.18973316583171548, -0.12472767637388402, 0.00019083198591935053,-0.0005291609977517417]
  T_B_C:
    cols: 4
    rows: 4
    data: [0.43438004855082557, -0.7057226650597272, 0.5597048270668902, -0.003543578147736175,
        0.020832804507455338, -0.6133526293636339, -0.7895343857673773, -0.008534147451233279,
        0.900488738229044, 0.3546182060663434, -0.2517259626040823, -0.00030546009628363256,
           0, 0, 0, 1]

imu_params:
  delay_imu_cam: 4.833367403350262
  max_imu_delta_t: 0.01
  acc_max: 176.0
  omega_max: 17
  sigma_omega_c: 12.0e-4
  sigma_acc_c: 8.0e-3
  sigma_omega_bias_c: 0.03
  sigma_acc_bias_c: 0.1
  sigma_integration: 0.0
  g: 9.8082
  imu_rate: 800

imu_initialization:
  velocity: [0.0, 0, 0.0]
  omega_bias: [0.0, 0, 0.0]
  acc_bias: [0.0, 0.0, 0.0]
  velocity_sigma: 2.0
  omega_bias_sigma: 0.01
  acc_bias_sigma: 0.1

